#==============================================================================
# DATASET #0
#==============================================================================
2016.42 7.25
2016.42 7.06
2016.43 7
2016.43 6.92
2016.44 7
2016.44 6.96
2016.44 6.9
2016.45 6.9
2016.45 6.99
2016.46 7.01
2016.46 7
2016.46 7.1
2016.47 7.04
2016.47 6.97
2016.48 7.1
2016.48 6.9
2016.48 6.8
2016.49 7
2016.49 6.91
2016.49 6.9299
2016.5 7.01
2016.5 6.78
2016.51 6.9
2016.51 6.63
2016.52 6.79
2016.52 6.545
2016.53 6.55
2016.53 6.78
2016.53 7
2016.54 6.75
2016.54 6.6
2016.55 6.59
2016.55 6.49
2016.55 6.55
2016.55 6.4929
2016.56 6.59
2016.57 6.57
2016.57 6.72
2016.57 6.52
2016.57 6.53
2016.58 6.05
2016.59 6.08
2016.59 6.44
2016.59 6.41
2016.59 6.48
2016.6 6.19
2016.6 6.005
2016.61 6.77
2016.61 6.77
2016.61 7.19
2016.62 7.19
2016.62 7.14
2016.63 6.76
2016.63 7
2016.63 7
2016.63 7.02
2016.64 7.08
2016.65 7.45
2016.65 7.13
2016.65 7.2
2016.65 7.01
2016.66 7.1303
2016.66 7.46
2016.67 7.38
2016.67 7.71
2016.67 8.1599
2016.68 8.105
2016.69 8.3
2016.69 8.18
2016.69 8.4
2016.7 7.92
2016.7 8
2016.71 8.14
2016.71 8.13
2016.71 8.37
2016.72 10.44
2016.72 11.01
2016.73 11.88
2016.73 11.75
2016.73 13.98
2016.74 15.26
2016.74 16.65
2016.74 17.54
2016.75 16.5
2016.75 17.35
2016.76 18.07
2016.76 17.33
2016.76 18.4
2016.77 20.15
2016.77 23.37
2016.78 24.68
2016.78 24.72
2016.78 21.41
2016.79 19.11
2016.79 20.16
2016.8 21.23
2016.8 21.86
2016.8 20.19
2016.8 19.5
2016.81 18.88
2016.82 19.72
2016.82 19.75
2016.82 19.44
2016.82 19.42
2016.83 19.93
2016.84 21.63
2016.84 18.15
2016.84 14.48
2016.84 14.8
2016.85 16.1
2016.85 16.48
2016.86 16.71
2016.86 17.71
2016.86 19.08
2016.87 19.83
2016.87 20.99
2016.88 20.84
2016.88 20.67
2016.88 21.95
2016.88 23.05
2016.89 22.95
2016.9 22.39
2016.9 21.72
2016.9 21.42
2016.91 21.82
2016.91 18.51
2016.92 14.64
2016.92 15.36
2016.92 15.62
2016.93 14.83
2016.93 15.18
2016.94 14.43
2016.94 11.53
2016.94 9
2016.95 8.68
2016.95 8.5
2016.96 8.58
2016.96 8.9
2016.96 9.07
2016.97 9.26
2016.97 8.99
2016.98 9.01
2016.98 9.09
2016.98 9.05
2016.99 9
2016.99 9
2017 8.99
2017 8.94
2017.01 9.37
2017.01 9.87
2017.01 10.08
2017.01 10.16
2017.02 9.35
2017.02 9.66
2017.03 9.41
2017.03 9.17
2017.03 9.25
2017.04 8.81
2017.05 8.59
2017.05 8.22
2017.05 7.69
2017.06 7.49
2017.06 7.93
2017.07 8.33
2017.07 8.09
2017.07 7.87
2017.08 7.25
2017.08 7.45
2017.08 7.47
2017.09 7.38
2017.09 7.64
2017.1 7.25
2017.1 7.1
2017.1 7.21
2017.11 7.55
2017.11 7.71
2017.12 7.54
2017.12 7.58
2017.12 7.67
2017.13 7.64
2017.13 7.67
2017.14 7.64
2017.14 7.19
2017.15 6.9
2017.15 8.06
2017.16 8.64
2017.16 7.85
2017.16 8.45
2017.16 8.53
2017.17 8.47
2017.18 7.71
2017.18 7.12
2017.18 7.26
2017.18 7.29
2017.19 7.35
2017.19 7.31
2017.2 6.38
2017.2 6.59
2017.2 7.34
2017.21 6.93
2017.21 6.91
2017.22 7
2017.22 6.99
2017.22 7.12
2017.22 7.06
2017.23 7.34
2017.24 7.56
2017.24 7.89
2017.24 7.65
2017.24 7.94
2017.25 7.52
2017.25 7.73
2017.26 7.7
2017.26 7.83
2017.26 8.01
2017.27 7.66
2017.27 7.65
2017.28 7.59
2017.28 7.71
2017.29 7.49
2017.29 7.44
2017.3 7.43
2017.3 7.49
2017.3 7.43
2017.31 7.55
2017.31 7.65
2017.32 7.97
2017.32 7.83
2017.32 7.96
2017.33 8.16
2017.33 8.48
2017.33 8.19
2017.34 8.11
2017.34 7.9
2017.35 7.94
2017.35 7.87
2017.35 8.19
2017.36 8.64
2017.36 8.98
2017.37 8.75
2017.37 8.69
2017.37 8.43
2017.38 8.47
2017.38 8.03
2017.39 7.47
2017.39 7.35
2017.39 7.54
2017.39 7.5
2017.4 7.25
2017.41 7.05
2017.41 6.88
2017.41 7.16
2017.42 7.37
2017.42 7.4
2017.43 7.39
2017.43 7.34
2017.43 7.98
2017.44 7.65
2017.44 7.61
2017.45 7.89
2017.45 8.12
2017.45 7.75
2017.45 7.82
2017.46 8.22
2017.47 8.78
2017.47 8.61
2017.47 8.81
2017.47 9.69
2017.48 9.89
2017.48 9.26
2017.49 9.64
2017.49 9.36
2017.49 9.11
2017.5 9.4
2017.51 9.69
2017.51 9.4
2017.51 9.51
2017.52 9.27
2017.52 9.41
2017.53 9.82
2017.53 9.73
2017.53 9.52
2017.54 9.62
2017.54 9.76
2017.55 9.83
2017.55 9.82
2017.55 9.93
2017.56 9.24
2017.56 9.3
2017.56 9.17
2017.57 8.96
2017.57 8.79
2017.58 8.62
2017.58 8.45
2017.58 8.23
2017.59 8.15
2017.59 8.13
2017.6 8
2017.6 7.96
2017.6 7.13
2017.61 6.855
2017.61 7.04
2017.62 7.1
2017.62 6.91
2017.62 7.08
2017.62 7.03
2017.63 6.95
2017.64 6.73
2017.64 6.95
2017.64 6.97
2017.64 6.98
2017.65 6.78
2017.65 6.95
2017.66 6.86
2017.66 6.9
2017.66 6.99
2017.67 7.2
2017.68 7.3
2017.68 7.48
2017.68 7.57
2017.68 7.67
2017.69 8.07
2017.7 7.66
2017.7 7.53
2017.7 7.54
2017.7 7.6
2017.71 7.6
2017.72 7.56
2017.72 7.74
2017.72 8.15
2017.72 8.3
2017.73 8.3
2017.73 7.91
2017.74 8.55
2017.74 8.5
2017.74 8.74
2017.75 9.12
2017.75 8.81
2017.76 8.38
2017.76 8.48
2017.76 8.35
2017.77 7.79
2017.77 7.73
2017.78 7.62
2017.78 7.56
2017.78 7.74
2017.79 7.77
2017.79 7.81
2017.79 7.88
2017.8 7.89
2017.8 7.9
2017.81 8
2017.81 7.71
2017.81 7.51
2017.82 7.2
2017.82 7.12
2017.83 7.02
2017.83 7.12
2017.83 7.01
2017.84 6.9
2017.84 6.95
2017.85 7.08
2017.85 7.49
2017.85 7.38
2017.85 7.34
2017.86 7.3
2017.87 7.38
2017.87 7.05
2017.87 6.94
2017.87 6.96
2017.88 7.09
2017.88 7
2017.89 7.01
2017.89 7.17
2017.9 7.26
2017.9 7.16
2017.91 7.31
2017.91 7.09
2017.91 7.12
2017.92 7
2017.92 6.85
2017.93 6.175
2017.93 5.97
2017.93 6.2
2017.93 5.89
2017.94 7.05
2017.95 6.69
2017.95 6.4
2017.95 5.94
2017.95 5.97
2017.96 6.06
2017.96 5.78
2017.97 6.08
2017.97 6.55
2017.97 6.34
2017.98 6.58
2017.99 6.86
2017.99 6.99
2017.99 7
2018 7.19
2018.01 7.08
2018.01 7.22
2018.01 7.5
2018.02 6.94
2018.02 6.635
2018.02 6.32
2018.03 6.22
2018.03 6.35
2018.04 6.24
2018.04 6.14
2018.05 6.22
2018.05 6.44
2018.06 6.22
2018.06 6.33
2018.06 6.62
2018.07 6.79
2018.07 6.48
2018.08 6.43
2018.08 6.37
2018.08 6.5
2018.08 6.33
2018.09 6.16
2018.1 5.74
2018.1 5.57
2018.1 5.95
2018.1 5.62
2018.11 5.77
2018.12 5.75
2018.12 5.97
2018.12 5.87
2018.12 5.93
2018.13 6.44
2018.14 6.24
2018.14 6.43
2018.14 6.32
2018.15 6.08
2018.15 6.23
2018.16 6.36
2018.16 6.46
2018.16 7.03
2018.16 7.82
2018.17 10.33
2018.18 12.95
2018.18 14.28
2018.18 13
2018.18 13
2018.19 12.64
2018.19 12.43
2018.2 11.96
2018.2 11.78
2018.2 11.73
2018.21 11.95
2018.21 11.85
2018.22 12.16
2018.22 11.72
2018.22 11.75
2018.23 11.68
2018.23 10.41
2018.24 10.74
2018.24 10.73
2018.25 10.26
2018.25 10.38
2018.25 10.69
2018.26 10.31
2018.26 10.42
2018.27 10.52
2018.27 10.79
2018.27 10.57
2018.28 10.42
2018.28 10.57
2018.29 10.52
2018.29 11.54
2018.29 11.42
2018.3 11.42
2018.3 11.42
2018.31 11.21
2018.31 11.67
2018.31 11.4
2018.32 12.09
2018.32 12.13
2018.33 12.18
2018.33 12.47
2018.33 12.49
2018.33 12.15
2018.34 12.15
2018.35 11.88
2018.35 11.62
2018.35 12.53
2018.35 11.555
2018.36 11.65
2018.36 12.06
2018.37 12.1
2018.37 12.17
2018.37 13.04
2018.38 13.02
2018.38 13.17
2018.39 13.22
2018.39 13.38
2018.39 13.42
2018.39 13.34
2018.41 14.12
2018.41 14.54
2018.41 9.86
2018.41 9.75
2018.42 9.19
2018.42 8.98
2018.43 8.91
2018.43 9.39
2018.43 9.86
2018.44 9.59
2018.44 9.83
2018.45 10.13
2018.45 10.49
2018.45 10.7
2018.46 10.59
2018.46 10.61
2018.47 10.74
2018.47 10.32
2018.47 10.36
2018.48 10.09
2018.48 10.26
2018.48 10.21
2018.49 10.74
2018.49 10.69
2018.5 10.77
2018.5 11.05
2018.51 10.8
2018.51 10.96
2018.52 10.82
2018.52 10.66
2018.52 10.96
2018.53 11.24
2018.53 10.28
2018.54 10.63
2018.54 10.37
2018.54 10.37
2018.55 9.99
2018.55 10
2018.56 10.01
2018.56 9.5
2018.56 9.28
2018.56 8.96
2018.57 8.56
2018.58 8.78
2018.58 8.91
2018.58 8.25
2018.58 8.17
2018.59 7.81
2018.59 7.82
2018.6 7.43
2018.6 7.88
2018.6 7.56
2018.61 7.59
2018.61 7.29
2018.62 7.2
2018.62 6.79
2018.62 6.97
2018.62 6.77
2018.63 6.61
2018.64 6.78
2018.64 6.78
2018.64 6.52
2018.64 6.73
2018.65 6.64
2018.65 6.6
2018.66 6.55
2018.66 6.95
2018.66 6.81
2018.67 6.87
2018.68 6.84
2018.68 6.62
2018.68 6.64
2018.69 6.55
2018.69 6.28
2018.7 6.22
2018.7 6.67
2018.7 6.58
2018.71 6.34
2018.71 6.29
2018.72 6.44
2018.72 6.52
2018.72 6.23
2018.73 6.18
2018.73 6.32
2018.73 6.03
2018.74 6.09
2018.74 6.15
2018.75 6.09
2018.75 5.75
2018.75 6.12
2018.76 5.79
2018.76 5.62
2018.77 5.8
2018.77 5.78
2018.77 5.5
2018.78 5.58
2018.78 5.36
2018.79 5.65
2018.79 5.84
2018.79 5.44
2018.79 5.33
2018.8 5.48
2018.81 5.3
2018.81 5.32
2018.81 5.04
2018.81 5.78
2018.82 5.75
2018.82 5.09
2018.83 5.51
2018.83 5.42
2018.83 6.09
2018.84 5.56
2018.84 2.07
2018.85 2.22
2018.85 2.19
2018.85 1.975
2018.85 1.84
2018.86 1.72
2018.87 1.59
2018.87 1.5
2018.87 1.62
2018.87 1.62
2018.88 1.76
2018.88 1.82
2018.89 1.8
2018.89 1.85
2018.9 1.73
2018.9 1.52
2018.91 1.59
2018.91 1.54
2018.91 1.47
2018.92 1.52
2018.92 1.36
2018.93 1.41
2018.93 1.37
2018.94 1.44
2018.94 1.37
2018.95 1.35
2018.95 1.3
2018.95 1.26
2018.96 1.26
2018.96 1.3
2018.96 1.24
2018.97 1.21
2018.97 1
2018.98 1.03
2018.98 1.05
2018.99 1.08
2018.99 1.04
2019 1.07
2019 1.15
2019.01 1.25
2019.01 1.24
2019.02 1.19
2019.02 1.2
2019.02 1.18
2019.02 1.2
2019.03 1.21
2019.04 1.12
2019.04 1.1
2019.04 1.11
2019.04 1.13
2019.05 1.16
2019.06 1.12
2019.06 1.17
2019.06 1.17
2019.07 1.16
2019.07 1.12
2019.08 1.11
2019.08 1.17
2019.08 1.18
2019.08 1.19
2019.09 1.22
2019.1 1.24
2019.1 1.27
2019.1 1.23
2019.1 1.36
2019.11 1.41
2019.12 1.36
2019.12 1.44
2019.12 1.55
2019.12 1.58
2019.13 1.45
2019.14 1.74
2019.14 1.51
2019.14 1.49
2019.15 1.54
2019.15 1.51
2019.16 1.51
2019.16 1.45
2019.16 1.43
2019.17 1.4
2019.17 1.39
2019.18 1.38
2019.18 1.34
2019.18 1.3
2019.19 1.28
2019.19 1.4
2019.19 1.37
2019.2 1.33
2019.2 1.42
2019.21 1.41
2019.21 1.42
2019.21 1.46
2019.22 1.54
2019.22 1.47
2019.23 1.38
2019.23 1.37
2019.23 1.37
2019.24 1.37
2019.24 1.38
2019.25 1.38
2019.25 1.35
2019.25 1.36
2019.25 1.42
2019.26 1.4
2019.27 1.38
2019.27 1.39
2019.27 1.39
2019.27 1.36
2019.28 1.34
2019.28 1.32
2019.29 1.28
2019.29 1.26
2019.29 1.24
2019.3 1.25
2019.31 1.3
2019.31 1.26
2019.31 1.24
2019.32 1.26
2019.32 1.25
2019.33 1.24
2019.33 1.24
2019.33 1.19
2019.33 1.22
2019.34 1.24
2019.35 1.22
2019.35 1.21
2019.35 1.21
2019.35 1.18
2019.36 1.19
2019.36 1.28
2019.37 1.26
2019.37 1.23
2019.37 1.22
2019.38 1.21
2019.38 1.2
2019.39 1.2
2019.39 1.17
2019.39 1.2
2019.4 1.16
2019.41 1.15
2019.41 1.12
2019.41 1.09
2019.42 1.08
2019.42 1.13
2019.42 1.03
2019.43 1.065
2019.43 1.04
2019.44 1.08
2019.44 1.04
2019.44 1.01
2019.45 1.06
2019.45 1.04
2019.46 1.03
2019.46 1.055
2019.46 1.05
2019.47 1.07
2019.47 1.03
2019.48 1.03
2019.48 1.03
2019.48 1
2019.48 0.99
2019.49 0.9718
2019.5 1.04
2019.5 1.12
2019.5 1.12
2019.51 1.075
2019.52 1.09
2019.52 1.09
2019.52 1.11
2019.52 1.2
2019.53 1.18
2019.53 1.19
2019.54 1.19
2019.54 1.15
2019.54 1.18
2019.55 1.15
2019.55 1.1
2019.56 1.09
2019.56 1.1
2019.56 1.1
2019.56 1.13
2019.57 1.11
2019.58 1.15
2019.58 1.13
2019.58 1.12
2019.58 1.06
2019.59 1.06
2019.59 1.02
2019.6 1
2019.6 1.28
2019.6 1.32
2019.61 1.3
2019.61 1.28
2019.62 1.2
2019.62 1.16
2019.62 1.18
2019.63 1.19
2019.63 1.17
2019.64 1.26
2019.64 0.7786
2019.64 0.705
2019.65 0.65
2019.65 0.5901
2019.65 0.6152
2019.66 0.61
2019.66 0.605
2019.67 0.5858
2019.67 0.6793
2019.68 0.65
2019.68 0.67
2019.69 0.6751
2019.69 0.735
2019.69 0.819
2019.7 0.78
2019.7 0.79
2019.71 0.8163
2019.71 0.7506
2019.71 0.7252
2019.72 0.7421
2019.72 0.7342
2019.73 0.708
2019.73 0.689
2019.73 0.713
2019.73 0.68
2019.74 0.6582
2019.75 0.63
2019.75 0.6145
2019.75 0.65
2019.75 0.7315
2019.76 0.75
2019.76 0.7589
2019.77 0.75
2019.77 0.7353
2019.77 0.725
2019.78 0.77
2019.78 0.7519
2019.79 0.7999
2019.79 0.83
2019.79 0.8088
2019.79 0.828
2019.8 0.8187
2019.81 0.7944
2019.81 0.94
2019.81 0.9181
2019.81 0.93
2019.82 0.9701
2019.82 1.02
2019.83 1.2
2019.83 1.26
2019.83 1.27
2019.84 1.29
2019.84 1.27
2019.85 1.21
2019.85 1.12
2019.85 1.14
2019.86 1.16
2019.86 1.11
2019.87 1.11
2019.87 1.07
2019.87 1.01
2019.88 1.01
2019.88 1.04
2019.88 1.01
2019.89 1.06
2019.89 1.15
2019.9 1.26
2019.9 1.28
2019.9 1.44
2019.91 1.44
2019.92 1.72
2019.92 1.72
2019.92 1.65
2019.93 1.62
2019.93 1.64
2019.94 1.57
2019.94 1.64
2019.94 1.71
2019.95 1.73
2019.95 1.81
2019.96 2.22
2019.96 2.16
2019.96 2.36
2019.96 2.47
2019.97 2.51
2019.98 2.695
2019.98 3.06
2019.98 3.4
2019.99 3.14
2019.99 3.12
2020 2.9
2020 2.11
2020.01 1.93
2020.01 2.39
2020.02 2.49
2020.02 2.37
2020.02 2.32
2020.02 2.2
2020.03 2.1
2020.04 2.4
2020.04 2.42
2020.04 2.48
2020.04 2.84
2020.05 2.85
2020.06 2.73
2020.06 2.74
2020.06 2.77
2020.07 2.93
2020.07 3.14
2020.08 3.47
2020.08 3.58
2020.08 3.77
2020.09 3.18
2020.09 3.32
2020.1 3.36
2020.1 3.13
2020.1 3.14
2020.11 2.9
2020.11 2.8
2020.12 2.93
2020.12 2.77
2020.12 2.52
2020.13 2.64
2020.13 2.77
2020.14 2.72
2020.14 2.66
2020.15 2.53
2020.15 2.565
2020.15 2.51
2020.16 2.15
2020.16 2.24
2020.17 2.57
2020.17 2.43
2020.17 2.69
2020.18 3.25
2020.18 3.02
2020.19 2.46
2020.19 2.5
2020.19 2.59
2020.2 1.92
2020.2 2.01
2020.21 1.48
2020.21 1.35
2020.21 1.33
2020.21 1.39
2020.22 1.32
2020.23 1.37
2020.23 1.5
2020.23 1.72
2020.23 1.85
2020.24 1.74
2020.24 1.76
2020.25 1.7
2020.25 1.55
2020.25 1.6
2020.26 1.58
2020.26 1.57
2020.27 1.61
2020.27 1.72
2020.27 1.74
2020.28 1.79
2020.29 2.11
2020.29 2.41
2020.29 2.16
2020.29 2.18
2020.3 2.13
2020.3 2.09
2020.31 1.99
2020.31 2.07
2020.31 2.2
2020.32 2.17
2020.32 1.9
2020.33 1.97
2020.33 1.98
2020.33 1.93
2020.34 1.94
2020.34 1.94
2020.35 1.83
2020.35 1.83
2020.35 1.84
2020.36 1.98
2020.36 1.96
2020.37 2.07
2020.37 2.13
2020.37 1.98
2020.38 2.02
2020.38 1.87
2020.38 1.9
2020.39 1.88
2020.39 1.98
2020.4 2.03
2020.4 2.08
2020.41 1.89
2020.41 1.86
2020.42 1.85
2020.42 1.89
2020.42 1.91
2020.43 2.22
2020.43 2.15
2020.44 2.19
2020.44 2.18
2020.44 2.19
2020.45 1.96
2020.45 1.98
2020.46 2.05
2020.46 2.06
2020.46 2.01
2020.46 2
2020.47 1.98
2020.48 2.01
2020.48 1.98
2020.48 1.93
2020.48 1.93
2020.49 1.93
2020.49 1.93
2020.5 1.88
2020.5 2
2020.5 1.94
2020.51 1.91
2020.52 1.89
2020.52 1.87
2020.52 1.77
2020.52 1.74
2020.53 1.72
2020.54 1.68
2020.54 1.87
2020.54 1.9
2020.54 1.89
2020.55 1.93
2020.55 1.89
2020.56 1.84
2020.56 1.78
2020.56 1.78
2020.57 1.7
2020.57 1.73
2020.58 1.69
2020.58 1.67
2020.58 1.64
2020.59 1.75
2020.59 1.77
2020.6 1.84
2020.6 1.79
2020.6 1.76
2020.61 1.79
2020.61 1.73
2020.62 1.63
2020.62 1.67
2020.62 1.79
2020.63 1.79
2020.63 1.79
2020.63 1.75
2020.64 1.82
2020.64 1.83
2020.65 1.72
2020.65 1.69
2020.65 1.7
2020.66 1.63
2020.66 1.72
2020.67 1.72
2020.67 1.68
2020.67 1.64
2020.68 1.59
2020.68 1.55
2020.69 1.57
2020.69 1.72
2020.7 1.66
2020.7 1.62
2020.71 1.66
2020.71 1.66
2020.71 1.67
2020.71 1.69
2020.72 1.73
2020.73 1.65
2020.73 1.6
2020.73 1.53
2020.73 1.45
2020.74 1.56
2020.74 1.5
2020.75 1.48
2020.75 1.54
2020.75 1.58
2020.76 1.55
2020.76 1.58
2020.77 1.52
2020.77 1.52
2020.77 1.57
2020.77 1.54
2020.78 1.5
2020.79 1.49
2020.79 1.46
2020.79 1.45
2020.79 1.46
2020.8 1.46
2020.8 1.44
2020.81 1.43
2020.81 1.42
2020.81 1.41
2020.82 1.32
2020.82 1.35
2020.83 1.38
2020.83 1.4
2020.83 1.35
2020.84 1.39
2020.84 1.35
2020.85 1.39
2020.85 1.38
2020.85 1.34
2020.86 1.36
2020.86 1.53
2020.87 1.46
2020.87 1.66
2020.87 1.65
2020.88 1.68
2020.88 1.71
2020.88 1.7
2020.89 1.77
2020.89 1.78
2020.9 1.72
2020.9 1.66
2020.9 1.96
2020.91 1.95
2020.92 2.01
2020.92 1.91
2020.92 2.06
2020.93 2.15
2020.93 2.13
2020.94 1.97
2020.94 2
2020.94 1.93
2020.95 1.98
2020.95 1.94
2020.96 2.08
2020.96 2.18
2020.96 2.13
2020.96 2.1
2020.97 2.03
2020.98 2.09
2020.98 2.1
2020.98 2.01
2020.98 1.98
2020.99 2.12
2021 2.1
2021 2.32
2021 2.74
2021.01 3.205
2021.01 3.89
2021.01 3.45
2021.02 3.6
2021.02 3.47
2021.03 3.67
2021.03 3.6
2021.03 3.95
2021.04 4.2
2021.04 4.01
2021.05 4.2
2021.05 3.86
2021.05 3.66
2021.06 3.79
2021.07 3.71
2021.07 3.61
2021.07 3.3
2021.07 3.31
2021.08 3.13
2021.08 3.07
2021.09 3.25
2021.09 3.51
2021.09 3.5
2021.1 3.4
2021.1 3.82
2021.11 3.89
2021.11 4.25
2021.11 3.86
2021.12 3.83
2021.13 3.86
2021.13 3.58
2021.13 3.47
2021.13 3.85
2021.14 3.8
2021.15 3.5
2021.15 3.49
2021.15 3.25
2021.15 3.31
2021.16 3.45
2021.16 3.41
2021.17 3.43
2021.17 3.25
2021.17 3.16
2021.18 2.95
2021.18 3.25
2021.19 3.52
2021.19 3.18
2021.19 3.05
2021.2 3.13
2021.2 2.92
2021.21 2.79
2021.21 2.82
2021.21 2.74
2021.22 2.61
2021.22 2.27
2021.22 2.3
2021.23 2.47
2021.23 2.32
2021.24 2.24
2021.24 2.34
2021.24 2.47
2021.25 2.51
2021.26 2.51
2021.26 2.5
2021.26 2.5
2021.27 2.55
2021.27 2.66
2021.28 2.79
2021.28 2.63
2021.28 2.67
2021.28 2.76
2021.29 2.76
2021.3 2.83
2021.3 2.73
2021.3 2.84
2021.3 2.94
2021.31 2.93
2021.32 3.02
2021.32 3.12
2021.32 3.19
2021.32 2.98
2021.33 3.07
2021.33 2.98
2021.34 2.85
2021.34 2.7
2021.34 2.62
2021.35 2.72
2021.35 2.56
2021.36 2.6
2021.36 2.45
2021.36 2.32
2021.36 2.38
2021.37 2.37
2021.38 2.38
2021.38 2.46
2021.38 2.48
2021.38 2.42
2021.39 2.47
2021.39 2.4
2021.4 2.51
2021.4 2.57
2021.4 2.565
2021.41 2.67
2021.42 2.82
2021.42 2.76
2021.42 2.89
2021.43 3.16
2021.43 3.13
2021.44 3.08
2021.44 3.11
2021.44 3.01
2021.45 3.02
2021.45 4.16
2021.45 4.08
2021.46 4.64
2021.46 4.84
2021.47 4.51
2021.47 4.54
2021.47 5.38
2021.48 4.84
2021.48 4.92
2021.49 4.7
2021.49 4.76
2021.49 4.87
2021.5 4.83
2021.5 5.38
2021.51 5.54
2021.51 4.99
2021.52 5.34
2021.52 5.51
2021.53 5.75
2021.53 5.93
2021.53 5.31
2021.53 5.29
2021.54 5.04
2021.55 5.21
2021.55 5.49
2021.55 5.56
2021.55 5.37
2021.56 5.13
2021.56 5
2021.57 5.07
2021.57 5.12
2021.57 5.21
2021.58 4.92
2021.58 5.18
2021.59 5.13
2021.59 5.1
2021.59 5.26
2021.59 5.19
2021.6 5.21
2021.61 4.94
2021.61 5.39
2021.61 5.57
2021.61 5.69
2021.62 5.6
2021.62 5.28
2021.63 5.71
2021.63 5.62
2021.63 5.65
2021.64 5.9
2021.64 6.6
2021.65 6.81
2021.65 6.77
2021.65 7.2
2021.66 6.97
2021.66 6.89
2021.67 6.71
2021.67 6.93
2021.67 6.6
2021.68 6.6
2021.68 6.56
2021.69 6.73
2021.69 6.6
2021.7 6.8
2021.7 6.82
2021.7 6.57
2021.71 6.5
2021.71 6.77
2021.72 6.35
2021.72 6.51
2021.72 6.76
2021.73 6.9
2021.73 6.84
2021.74 6.4
2021.74 6.07
2021.74 5.88
2021.75 6
2021.75 5.7
2021.76 4.97
2021.76 5.08
2021.76 4.91
2021.76 4.98
2021.77 5.1
2021.78 5.17
2021.78 5.6
2021.78 5.65
2021.78 5.72
2021.79 5.64
2021.79 5.5
2021.8 5.66
2021.8 5.69
2021.8 5.6
2021.81 5.71
2021.81 5.59
2021.82 5.27
2021.82 5.26
2021.82 5.39
2021.82 5.46
2021.83 5.49
2021.84 5.4
2021.84 5.38
2021.84 5.35
2021.84 5.27
2021.85 5.12
2021.85 5.11
2021.86 4.95
2021.86 4.89
2021.86 4.89
2021.87 4.83
2021.87 4.67
2021.88 4.58
2021.88 4.49
2021.88 4.37
2021.89 3.89
2021.89 3.76
2021.9 4.04
2021.9 3.95
2021.91 3.61
2021.91 3.67
2021.92 3.33
2021.92 3.28
2021.92 3.005
2021.93 3.03
2021.93 3.02
2021.93 3.26
2021.94 3.11
2021.94 2.92
2021.95 2.85
2021.95 2.84
2021.95 2.94
2021.96 2.98
2021.96 2.94
2021.97 2.9
2021.97 2.89
2021.97 2.93
2021.98 2.95
2021.99 2.8
2021.99 2.72
2021.99 2.78
2021.99 2.76
2022 2.75
2022.01 2.88
2022.01 2.75
2022.01 2.57
2022.01 2.59
2022.02 2.53
2022.02 2.44
2022.03 2.46
2022.03 2.33
2022.03 2.23
2022.04 2.23
2022.05 2.19
2022.05 2.11
2022.05 1.97
2022.05 1.89
2022.06 1.83
2022.07 1.93
2022.07 1.83
2022.07 1.84
2022.07 1.88
2022.08 1.95
2022.08 1.95
2022.09 1.83
2022.09 1.78
2022.09 1.79
2022.1 1.84
2022.1 1.82
2022.11 1.79
2022.11 1.715
2022.11 1.71
2022.12 1.67
2022.12 1.7
2022.13 1.66
2022.13 1.57
2022.13 1.55
2022.14 1.51
2022.15 1.48
2022.15 1.46
2022.15 1.59
2022.16 1.595
2022.16 1.49
2022.16 1.49
2022.17 1.44
2022.17 1.39
2022.18 1.36
2022.18 1.43
2022.18 1.49
2022.19 1.35
2022.19 1.925
2022.2 2.08
2022.2 2.49
2022.2 2.49
2022.21 2.76
2022.21 2.62
2022.22 2.35
2022.22 2.36
2022.22 2.47
2022.22 2.41
2022.23 2.36
2022.24 2.34
2022.24 2.39
2022.24 2.45
2022.24 2.29
2022.25 2.34
2022.25 2.49
2022.26 2.39
2022.26 2.39
2022.26 2.37
2022.27 2.17
2022.27 2.13
2022.28 2.03
2022.28 2.13
2022.28 2.08
2022.29 1.93
2022.3 1.96
2022.3 1.91
2022.3 1.66
2022.3 1.6
2022.31 1.73
2022.32 1.62
2022.32 1.6
2022.32 1.62
2022.32 1.53
2022.33 1.65
2022.33 1.64
2022.34 1.63
2022.34 1.53
2022.34 1.54
2022.35 1.46
2022.35 1.57
2022.36 1.45
2022.36 1.36
2022.36 1.41
2022.37 1.46
2022.37 1.55
2022.38 1.48
2022.38 1.45
2022.38 1.38
2022.39 1.42
2022.39 1.3
2022.39 1.31
2022.4 1.34
2022.4 1.34
2022.41 1.3
2022.41 1.37
2022.42 1.35
2022.42 1.3
2022.43 1.3
2022.43 1.33
2022.43 1.39
2022.44 1.35
2022.44 1.35
2022.45 1.31
2022.45 1.3
2022.45 1.34
2022.45 1.34
2022.46 1.46
2022.47 1.56
2022.47 1.62
2022.47 1.66
2022.48 1.65
2022.48 1.6
2022.49 1.53
2022.49 1.5
2022.49 1.47
2022.5 1.47
2022.51 1.47
2022.51 1.41
2022.51 1.52
2022.52 1.73
2022.52 1.69
2022.53 1.72
2022.53 1.75
2022.53 1.77
2022.53 1.81
2022.54 1.77
2022.55 1.7
2022.55 1.82
2022.55 1.83
2022.55 1.63
2022.56 1.57
2022.56 1.62
2022.57 1.65
2022.57 1.5
2022.57 1.54
2022.58 1.47
2022.58 1.5
2022.59 1.5
2022.59 1.58
2022.59 1.67
2022.6 1.64
2022.6 1.61
2022.61 1.62
2022.61 1.55
2022.61 1.59
2022.62 1.54
2022.62 1.53
2022.62 1.5
2022.63 1.5
2022.63 1.42
2022.64 1.39
2022.64 1.49
2022.64 1.47
2022.65 1.46
2022.65 1.39
2022.66 1.35
2022.66 1.35
2022.66 1.37
2022.67 1.37
2022.67 1.36
2022.68 1.33
2022.68 1.38
2022.68 1.31
2022.69 1.34
2022.7 1.36
2022.7 1.32
2022.7 1.31
2022.7 1.32
2022.71 1.3
2022.72 1.23
2022.72 1.21
2022.72 1.15
2022.72 1.13
2022.73 1.13
2022.73 1.08
2022.74 1.09
2022.74 1.08
2022.74 1.08
2022.75 1.13
2022.75 1.2
2022.76 1.37
2022.76 1.37
2022.76 1.35
2022.76 1.34
2022.77 1.29
2022.78 1.16
2022.78 1.21
2022.78 1.22
2022.78 1.14
2022.79 1.19
2022.79 1.18
2022.8 1.1
2022.8 1.1
2022.8 1.06
2022.81 1.05
2022.81 1.07
2022.82 1.06
2022.82 1.07
2022.82 1.14
2022.83 1.14
2022.83 1.21
2022.84 1.35
2022.84 1.46
2022.84 1.49
2022.85 1.47
2022.85 1.4
2022.85 1.28
2022.86 1.32
2022.86 1.33
2022.87 1.37
2022.87 1.41
2022.87 1.35
2022.88 1.35
2022.88 1.21
2022.89 1.14
2022.89 1.14
2022.89 1.18
2022.9 1.18
2022.91 1.11
2022.91 1.12
2022.91 1.21
2022.92 1.18
2022.92 1.2
2022.93 1.14
2022.93 1.16
2022.93 1.15
2022.93 1.18
2022.94 1.14
2022.95 1.2
2022.95 1.25
2022.95 1.17
2022.95 1.21
2022.96 1.1
2022.96 1.07
2022.97 1.02
2022.97 1
2022.97 1.08
2022.98 1.14
2022.99 1.11
2022.99 1.05
2022.99 1.09
2022.99 1.12
2023.01 1.215
2023.01 1.48
2023.01 1.43
2023.01 1.64
2023.02 1.61
2023.02 1.66
2023.03 1.63
2023.03 1.61
2023.03 1.57
2023.04 1.49
2023.05 1.64
2023.05 1.47
2023.05 1.5
2023.06 1.51
2023.06 1.45
2023.07 1.32
2023.07 1.33
2023.07 1.33
2023.08 1.35
2023.08 1.41
2023.08 1.54
2023.09 1.49
2023.09 1.51
2023.1 1.47
2023.1 1.48
2023.1 1.42
2023.11 1.36
2023.11 1.32
2023.12 1.34
2023.12 1.32
2023.12 1.34
2023.13 1.36
2023.13 1.38
2023.14 1.37
2023.14 1.33
2023.15 1.26
2023.15 1.25
2023.16 1.22
2023.16 1.24
2023.16 1.205
2023.16 1.17
2023.17 1.27
2023.18 1.3
2023.18 1.28
2023.18 1.23
2023.18 1.19
2023.19 1.08
2023.19 1.05
2023.2 1.03
2023.2 0.98
2023.2 0.959
2023.21 1.04
2023.21 0.972
2023.22 1.02
2023.22 1.01
2023.22 1.02
2023.22 0.97
2023.23 0.95
2023.24 0.9299
2023.24 0.96
2023.24 0.957
2023.24 1.04
2023.25 1.07
2023.25 1.35
2023.26 1.23
2023.26 1.24
2023.27 1.24
2023.27 1.24
2023.28 1.11
2023.28 1.16
2023.28 1.1
2023.29 1.09
2023.29 1.12
2023.3 1.15
2023.3 1.12
2023.3 1.06
2023.31 1.1
2023.31 1.07
2023.32 1.055
2023.32 1.02
2023.32 1.01
2023.33 1
2023.33 0.9799
2023.33 0.9952
2023.34 0.9705
2023.34 1.01
2023.35 1.11
2023.35 1.08
2023.35 1.16
2023.36 1.08
2023.36 1.05
2023.37 1.07
2023.37 1.04
2023.37 1.04
2023.38 1.01
2023.38 1.02
2023.39 1.09
2023.39 1.1
2023.39 1.1
2023.39 1.05
2023.4 1.07
2023.41 1.06
2023.41 1.08
2023.41 1.12
2023.42 1.15
2023.42 1.15
2023.43 1.27
2023.43 1.26
2023.43 1.28
2023.44 1.28
2023.44 1.27
2023.45 1.26
2023.45 1.33
2023.45 1.4
2023.45 1.48
2023.47 1.33
2023.47 1.33
2023.47 1.31
2023.47 1.25
2023.48 1.24
2023.48 1.22
2023.49 1.23
2023.49 1.17
2023.49 1.12
2023.5 1.13
2023.51 1.07
2023.51 1.04
2023.51 1.07
2023.52 1.06
2023.52 1.1
2023.53 1.12
2023.53 1.18
2023.53 1.2
2023.54 1.27
2023.54 1.24
2023.55 1.24
2023.55 1.24
2023.55 1.22
2023.56 1.21
2023.56 1.2
2023.56 1.23
2023.57 1.21
2023.57 1.22
2023.58 1.17
2023.58 1.15
2023.58 1.14
2023.59 1.08
2023.59 1.1
2023.6 1.09
2023.6 1.06
2023.6 1.12
2023.61 1.09
2023.61 1.05
2023.62 1.06
2023.62 0.99
2023.62 0.9308
2023.62 0.92
2023.63 0.94
2023.64 0.9502
2023.64 0.93
2023.64 0.9461
2023.64 0.93
2023.65 0.94
2023.65 0.92
2023.66 0.92
2023.66 0.9205
2023.66 0.91
2023.67 0.9099
2023.68 0.8624
2023.68 0.8526
2023.68 0.85
2023.68 0.8599
2023.69 0.87
2023.7 0.853
2023.7 0.85
2023.7 0.8607
2023.7 0.825
2023.71 0.849
2023.72 0.8448
2023.72 0.83
2023.72 0.8355
2023.72 0.8599
2023.73 0.85
2023.73 0.86
2023.74 0.86
2023.74 0.84
2023.74 0.8699
2023.75 0.87
2023.75 0.8492
2023.76 0.85
2023.76 0.8843
2023.76 0.8813
2023.77 0.8713
2023.77 0.8962
2023.78 0.8943
2023.78 0.8727
2023.78 0.861
2023.79 0.8947
2023.79 0.8604
2023.79 0.849
2023.8 0.8
2023.8 0.818
2023.81 0.715
2023.81 0.75
2023.81 0.7179
2023.82 0.68
2023.82 0.701
2023.83 0.689
2023.83 0.7246
2023.83 0.763
2023.84 0.8
2023.84 0.9551
2023.85 1.14
2023.85 1.14
2023.85 1.03
2023.85 0.8326
2023.86 0.9683
2023.87 0.97
2023.87 0.9488
2023.87 0.96
2023.87 0.9223
2023.88 0.9533
2023.88 0.9717
2023.89 0.95
2023.89 1
2023.9 1.01
2023.9 1.01
2023.91 1.03
2023.91 1.01
2023.91 1.01
2023.92 1.03
2023.92 1.12
2023.93 1.11
2023.93 1.16
2023.93 1.16
2023.93 1.09
2023.94 1.03
2023.95 0.95
2023.95 1.04
2023.95 1.04
2023.95 1.03
2023.96 1.03
2023.96 1.035
2023.97 1
2023.97 1.04
2023.97 1.04
2023.98 1.15
2023.99 1.18
2023.99 1.17
2023.99 1.17
2024 1.29
2024.01 1.45
2024.01 1.48
2024.01 1.34
2024.02 1.42
2024.02 1.41
2024.02 1.42
2024.03 1.48
2024.03 1.45
2024.04 1.44
2024.04 1.34
2024.05 1.29
2024.05 1.29
2024.06 1.2
2024.06 1.2
2024.06 1.23
2024.07 1.21
2024.07 1.23
2024.08 1.3
2024.08 1.34
2024.08 1.25
2024.09 1.33
2024.09 1.37
2024.1 1.39
2024.1 1.41
2024.1 1.38
2024.1 1.38
2024.11 1.42
2024.12 1.38
2024.12 1.3
2024.12 1.23
2024.12 1.22
2024.13 1.25
2024.14 1.29
2024.14 1.3
2024.14 1.33
2024.15 1.36
2024.15 1.34
2024.16 1.395
2024.16 1.41
2024.16 1.4
2024.16 1.39
2024.17 1.39
2024.18 1.39
2024.18 1.51
2024.18 1.67
2024.18 1.67
2024.19 2.02
2024.2 1.64
2024.2 1.63
2024.2 1.73
2024.2 1.71
2024.21 1.56
2024.21 1.63
2024.22 1.63
2024.22 1.8
2024.22 1.71
2024.23 1.73
2024.23 1.69
2024.24 1.67
2024.24 1.53
2024.25 1.58
2024.25 1.4
2024.26 1.43
2024.26 1.33
2024.26 1.3
2024.27 1.29
2024.27 1.29
2024.27 1.24
2024.28 1.3
2024.28 1.25
2024.29 1.29
2024.29 1.15
2024.29 1.26
2024.3 1.32
2024.3 1.31
2024.31 1.41
2024.31 1.37
2024.31 1.34
2024.32 1.26
2024.32 1.34
2024.33 1.29
2024.33 1.26
2024.33 1.27
2024.34 1.32
2024.34 1.31
2024.35 1.28
2024.35 1.28
2024.35 1.27
2024.35 1.35
2024.36 1.25
2024.37 1.23
2024.37 1.28
2024.37 1.32
2024.37 1.31
2024.38 1.31
2024.38 1.33
2024.39 1.49
2024.39 1.35
2024.39 1.36
2024.4 1.35
2024.41 1.39
2024.41 1.35
2024.41 1.39
2024.41 1.4
2024.42 1.29
2024.43 1.255
2024.43 1.25
2024.43 1.19
2024.43 1.22
2024.44 1.2
2024.45 1.25
2024.45 1.21
2024.45 1.23
2024.45 1.19
2024.46 1.18
2024.46 1.12
2024.47 1.15
2024.47 1.08
2024.48 1.08
2024.48 1.25
2024.49 1.21
2024.49 1.28
2024.49 1.3
2024.5 1.24
2024.5 1.23
2024.51 1.27
2024.51 1.28
2024.52 1.25
2024.52 1.26
2024.52 1.23
2024.53 1.21
2024.53 1.25
2024.54 1.24
2024.54 1.22
2024.54 1.21
2024.55 1.15
2024.55 1.17
2024.56 1.13
2024.56 1.15
2024.56 1.15
2024.57 1.13
2024.57 1.17
2024.58 1.17
2024.58 1.16
2024.58 1.14
2024.59 1.13
2024.59 1.11
2024.6 1.09
2024.6 1.09
2024.6 1.03
2024.6 1.06
2024.61 1.09


#==============================================================================
# DATASET #1
#==============================================================================
2025.36 1.28
2025.86 1.28
2025.86 6.63
2025.36 6.63
2025.36 1.28


#==============================================================================
# DATASET #2
#==============================================================================
2025.61 6.63
2025.61 24.72


#==============================================================================
# DATASET #3
#==============================================================================
2025.61 6.63
2025.61 11.05


#==============================================================================
# DATASET #4
#==============================================================================
2025.36 11.05
2025.86 11.05


#==============================================================================
# DATASET #5
#==============================================================================
2025.61 1.28
2025.61 0.5858


#==============================================================================
# DATASET #6
#==============================================================================
2025.61 1.28
2025.61 0.9461


#==============================================================================
# DATASET #7
#==============================================================================
2025.36 0.9461
2025.86 0.9461


#==============================================================================
# DATASET #8
#==============================================================================
2025.36 1.93
2025.86 1.93


#==============================================================================
# DATASET #9
#==============================================================================
2025.36 1.09
2025.86 1.09


#==============================================================================
# DATASET #10
#==============================================================================
2025.36 1.09
2025.86 1.09


